%YAML:1.0
---
intrinsicMatrix: !!opencv-matrix
   rows: 3
   cols: 3
   dt: d
   data: [ 1.4647296440256475e+03, 0., 5.9113193210738643e+02, 0.,
       1.4387376893837111e+03, 4.6557049740645658e+02, 0., 0., 1. ]
distCoeffs: !!opencv-matrix
   rows: 1
   cols: 5
   dt: d
   data: [ 3.3192378228134939e-01, -1.2663006111001998e+00,
       1.6774743164370573e-03, -2.0289257111452932e-02,
       1.3247577061775513e+00 ]
